0 1
0 2
0 3
0 24
1 2
1 3
1 25
2 3
2 34
3 35
4 5
4 6
4 7
4 24
5 6
5 7
5 25
6 7
6 44
7 45
8 9
8 10
8 11
8 24
9 10
9 11
9 25
10 11
10 54
11 55
12 13
12 14
12 15
12 34
13 14
13 15
13 35
14 15
14 44
15 45
16 17
16 18
16 19
16 34
17 18
17 19
17 35
18 19
18 54
19 55
20 21
20 22
20 23
20 44
21 22
21 23
21 45
22 23
22 54
23 55
24 25
24 26
24 27
24 28
24 29
24 30
24 31
24 32
24 33
25 26
25 27
25 28
25 29
25 30
25 31
25 32
25 33
26 27
26 28
26 29
26 30
26 31
26 32
26 33
27 28
27 29
27 30
27 31
27 32
27 33
28 29
28 30
28 31
28 32
28 33
29 30
29 31
29 32
29 33
30 31
30 32
30 33
31 32
31 33
32 33
34 35
34 36
34 37
34 38
34 39
34 40
34 41
34 42
34 43
35 36
35 37
35 38
35 39
35 40
35 41
35 42
35 43
36 37
36 38
36 39
36 40
36 41
36 42
36 43
37 38
37 39
37 40
37 41
37 42
37 43
38 39
38 40
38 41
38 42
38 43
39 40
39 41
39 42
39 43
40 41
40 42
40 43
41 42
41 43
42 43
44 45
44 46
44 47
44 48
44 49
44 50
44 51
44 52
44 53
45 46
45 47
45 48
45 49
45 50
45 51
45 52
45 53
46 47
46 48
46 49
46 50
46 51
46 52
46 53
47 48
47 49
47 50
47 51
47 52
47 53
48 49
48 50
48 51
48 52
48 53
49 50
49 51
49 52
49 53
50 51
50 52
50 53
51 52
51 53
52 53
54 55
54 56
54 57
54 58
54 59
54 60
54 61
54 62
54 63
55 56
55 57
55 58
55 59
55 60
55 61
55 62
55 63
56 57
56 58
56 59
56 60
56 61
56 62
56 63
57 58
57 59
57 60
57 61
57 62
57 63
58 59
58 60
58 61
58 62
58 63
59 60
59 61
59 62
59 63
60 61
60 62
60 63
61 62
61 63
62 63

0 -0.019106868099692472 0.1169639326032552
1 0.020639284615964894 0.17775305243909287
2 -0.18996548805316568 0.38761468145195344
3 -0.22890928569344238 0.32777565729663555
4 0.522458511170706 0.097877963524074
5 0.49298055622463016 0.17004467753258012
6 0.613435662339433 0.3347361423657299
7 0.6548202324788925 0.27728870605218936
8 0.032832532839348234 -0.5574896349111688
9 0.020616198599277477 -0.4825255620837095
10 -0.20711872689418356 -0.6665494198287056
11 -0.24240211174112727 -0.5987252119328406
12 0.014753700619875599 0.6325251319935677
13 -0.004071875144664503 0.5666013240617128
14 0.3304964588988715 0.5114368955304844
15 0.31394996199721403 0.44635861303383195
16 -0.6967235794482589 0.2012210841225851
17 -0.6541835477013686 0.16349458905688918
18 -0.6779699624952128 -0.15011935956617228
19 -0.7393857106468643 -0.12528368367963916
20 0.19349347456569838 -0.14306472488252187
21 0.21110646131113764 -0.22091962113581423
22 -0.11259723342066871 -0.39987606246139096
23 -0.14861536878305645 -0.3413848274967825
24 0.3139929874235839 -0.21722581645793201
25 0.3306958651632567 -0.16228232092606729
26 0.45483673514795797 -0.21277744562943943
27 0.49826076106050865 -0.36919769935870395
28 0.4704484031615186 -0.28178653731789344
29 0.5191573457420129 -0.23801499378904145
30 0.44992436575964206 -0.34913135666711625
31 0.3989780186424003 -0.2897050629375394
32 0.402647149059792 -0.37198023603744174
33 0.5333408446254055 -0.30754548575197665
34 -0.46500887920121636 0.6268190607700209
35 -0.4851810447520902 0.5879874492237864
36 -0.6044938773720382 0.8362491687345075
37 -0.656078432517961 0.8020869425844657
38 -0.674981210516131 0.748231230140907
39 -0.5229624923232133 0.7754744513541337
40 -0.5433316882047962 0.8316408808112901
41 -0.5919380268632344 0.7722464762956487
42 -0.5864148152714662 0.7101585288232976
43 -0.651264827330315 0.6985482458184168
44 0.7065195320582562 0.17989210478972278
45 0.7092595267200292 0.12715768424845683
46 0.8922291747689376 0.10876253526034875
47 0.9312136065077843 0.2568886560562868
48 0.9270656508091745 0.16821142766808633
49 0.9407776458062755 0.07536511337562647
50 1.0 0.1661370055361145
51 0.9807291532519662 0.11431271151427247
52 0.9769076521133163 0.22020091478527118
53 0.8884974525680228 0.21368882373777742
54 -0.5620711515360232 -0.5962585792997808
55 -0.5983275570084193 -0.5532888453643385
56 -0.7951224156958905 -0.6616835168140945
57 -0.6611564610241317 -0.7816020391988869
58 -0.7346440033118243 -0.6447020765930026
59 -0.7629670744758704 -0.7837662205326904
60 -0.713775421290188 -0.7749162910127881
61 -0.7430693783500779 -0.7113845852655276
62 -0.804899398678517 -0.7249583276147381
63 -0.6683269922057852 -0.7136063180452816
